1.0000000	40.4380760	39.5161171
2.0000000	40.4380760	39.5161171
3.0000000	40.4380760	39.5161209
4.0000000	40.4380760	39.5161209
5.0000000	40.4380760	39.5161209
6.0000000	40.4380760	39.5161209
7.0000000	40.4380760	39.5161209
8.0000000	40.4380760	39.5161209
9.0000000	40.4380760	39.5161209
10.0000000	40.4380760	39.5161209
11.0000000	40.4380760	39.5161209
12.0000000	40.4380760	39.5161209
13.0000000	40.4380760	39.5161209
14.0000000	40.4380760	39.5161209
15.0000000	40.4380760	39.5161209
16.0000000	40.4380760	39.5161209
17.0000000	40.4380760	39.5161209
18.0000000	40.4380760	39.5161209
20.0000000	40.4380760	39.5161209
21.0000000	40.4380760	39.5161209
22.0000000	40.4380760	39.5161209
23.0000000	40.4380760	39.5161209
24.0000000	40.4380760	39.5161209
25.0000000	40.4380760	39.5161209
26.0000000	40.4380722	39.5161209
27.0000000	40.4380722	39.5161209
28.0000000	40.4380722	39.5161209
29.0000000	40.4380722	39.5161209
30.0000000	40.4380722	39.5161209
31.0000000	40.4380722	39.5161209
32.0000000	40.4380722	39.5161209
33.0000000	40.4380722	39.5161209
34.0000000	40.4380722	39.5161209
35.0000000	40.4380722	39.5161209
36.0000000	40.4380722	39.5161209
37.0000000	40.4380722	39.5161209
38.0000000	40.4380722	39.5161209
39.0000000	40.4380722	39.5161209
40.0000000	40.4380722	39.5161209
41.0000000	40.4380722	39.5161209
42.0000000	40.4380722	39.5161209
43.0000000	40.4380722	39.5161171
44.0000000	40.4380722	39.5161171
45.0000000	40.4380722	39.5161171
46.0000000	40.4380722	39.5161171
47.0000000	40.4380722	39.5161171
48.0000000	40.4380722	39.5161171
49.0000000	40.4380722	39.5161171
50.0000000	40.4380722	39.5161171
51.0000000	40.4380722	39.5161171
52.0000000	40.4380722	39.5161171
53.0000000	40.4380722	39.5161171
54.0000000	40.4380722	39.5161171
55.0000000	40.4380722	39.5161209
56.0000000	40.4380722	39.5161209
57.0000000	40.4380722	39.5161209
58.0000000	40.4380722	39.5161209
59.0000000	40.4380722	39.5161209
60.0000000	40.4380722	39.5161209
61.0000000	40.4380722	39.5161209
62.0000000	40.4380722	39.5161209
63.0000000	40.4380722	39.5161209
64.0000000	40.4380722	39.5161209
65.0000000	40.4380722	39.5161209
66.0000000	40.4380722	39.5161209
67.0000000	40.4380722	39.5161209
68.0000000	40.4380722	39.5161209
69.0000000	40.4380722	39.5161209
70.0000000	40.4380722	39.5161209
71.0000000	40.4380722	39.5161209
72.0000000	40.4380722	39.5161209
73.0000000	40.4380722	39.5161209
74.0000000	40.4380722	39.5161209
75.0000000	40.4380722	39.5161209
76.0000000	40.4380722	39.5161209
77.0000000	40.4380722	39.5161209
78.0000000	40.4380722	39.5161209
79.0000000	40.4380722	39.5161209
81.0000000	40.4380722	39.5161209
82.0000000	40.4380722	39.5161209
83.0000000	40.4380722	39.5161209
84.0000000	40.4380722	39.5161209
85.0000000	40.4380722	39.5161247
86.0000000	40.4380722	39.5161247
87.0000000	40.4380722	39.5161247
88.0000000	40.4380722	39.5161247
89.0000000	40.4380722	39.5161247
90.0000000	40.4380722	39.5161247
91.0000000	40.4380722	39.5161247
92.0000000	40.4380722	39.5161247
93.0000000	40.4380722	39.5161247
94.0000000	40.4380722	39.5161247
95.0000000	40.4380722	39.5161285
96.0000000	40.4380722	39.5161285
97.0000000	40.4380722	39.5161285
98.0000000	40.4380722	39.5161285
99.0000000	40.4380722	39.5161285
100.0000000	40.4380722	39.5161285
101.0000000	40.4380722	39.5161285
102.0000000	40.4380722	39.5161285
103.0000000	40.4380722	39.5161285
105.0000000	40.4380722	39.5161324
106.0000000	40.4380722	39.5161362
107.0000000	40.4380722	39.5161362
108.0000000	40.4380722	39.5161362
109.0000000	40.4380722	39.5161362
110.0000000	40.4380722	39.5161362
111.0000000	40.4380722	39.5161362
112.0000000	40.4380722	39.5161400
113.0000000	40.4380722	39.5161400
114.0000000	40.4380722	39.5161400
115.0000000	40.4380722	39.5161400
116.0000000	40.4380722	39.5161438
118.0000000	40.4380722	39.5161438
120.0000000	40.4380722	39.5161438
121.0000000	40.4380722	39.5161438
122.0000000	40.4380722	39.5161438
123.0000000	40.4380722	39.5161476
124.0000000	40.4380722	39.5161476
126.0000000	40.4380722	39.5161476
127.0000000	40.4380722	39.5161476
128.0000000	40.4380722	39.5161476
129.0000000	40.4380722	39.5161476
130.0000000	40.4380722	39.5161476
131.0000000	40.4380760	39.5161476
132.0000000	40.4380760	39.5161476
133.0000000	40.4380760	39.5161476
134.0000000	40.4380760	39.5161476
135.0000000	40.4380760	39.5161476
136.0000000	40.4380760	39.5161476
137.0000000	40.4380760	39.5161476
138.0000000	40.4380760	39.5161476
139.0000000	40.4380760	39.5161514
140.0000000	40.4380760	39.5161514
141.0000000	40.4380760	39.5161514
142.0000000	40.4380760	39.5161514
143.0000000	40.4380760	39.5161514
144.0000000	40.4380760	39.5161514
145.0000000	40.4380760	39.5161514
146.0000000	40.4380760	39.5161514
147.0000000	40.4380760	39.5161514
148.0000000	40.4380760	39.5161514
149.0000000	40.4380760	39.5161514
150.0000000	40.4380760	39.5161514
151.0000000	40.4380760	39.5161514
152.0000000	40.4380760	39.5161514
153.0000000	40.4380760	39.5161514
154.0000000	40.4380760	39.5161514
155.0000000	40.4380760	39.5161514
156.0000000	40.4380760	39.5161514
157.0000000	40.4380760	39.5161514
158.0000000	40.4380760	39.5161514
159.0000000	40.4380760	39.5161514
160.0000000	40.4380760	39.5161514
161.0000000	40.4380760	39.5161514
162.0000000	40.4380760	39.5161514
163.0000000	40.4380760	39.5161514
164.0000000	40.4380760	39.5161514
165.0000000	40.4380760	39.5161552
166.0000000	40.4380760	39.5161552
167.0000000	40.4380760	39.5161552
168.0000000	40.4380760	39.5161552
169.0000000	40.4380760	39.5161552
170.0000000	40.4380760	39.5161552
171.0000000	40.4380760	39.5161552
172.0000000	40.4380760	39.5161552
173.0000000	40.4380760	39.5161552
174.0000000	40.4380760	39.5161552
175.0000000	40.4380760	39.5161552
176.0000000	40.4380760	39.5161552
177.0000000	40.4380760	39.5161552
178.0000000	40.4380760	39.5161552
179.0000000	40.4380760	39.5161552
180.0000000	40.4380760	39.5161552
181.0000000	40.4380760	39.5161552
182.0000000	40.4380760	39.5161552
183.0000000	40.4380760	39.5161591
184.0000000	40.4380760	39.5161591
185.0000000	40.4380760	39.5161591
186.0000000	40.4380760	39.5161591
187.0000000	40.4380760	39.5161591
188.0000000	40.4380760	39.5161591
189.0000000	40.4380760	39.5161591
190.0000000	40.4380760	39.5161591
191.0000000	40.4380760	39.5161591
192.0000000	40.4380760	39.5161591
193.0000000	40.4380760	39.5161591
194.0000000	40.4380760	39.5161591
195.0000000	40.4380760	39.5161591
196.0000000	40.4380760	39.5161591
197.0000000	40.4380760	39.5161591
198.0000000	40.4380760	39.5161591
199.0000000	40.4380760	39.5161591
200.0000000	40.4380760	39.5161591
201.0000000	40.4380760	39.5161591
202.0000000	40.4380760	39.5161591
203.0000000	40.4380760	39.5161591
204.0000000	40.4380760	39.5161591
205.0000000	40.4380760	39.5161591
206.0000000	40.4380760	39.5161591
207.0000000	40.4380760	39.5161591
208.0000000	40.4380760	39.5161591
209.0000000	40.4380760	39.5161591
210.0000000	40.4380760	39.5161591
211.0000000	40.4380760	39.5161591
212.0000000	40.4380760	39.5161591
213.0000000	40.4380760	39.5161591
214.0000000	40.4380760	39.5161591
215.0000000	40.4380760	39.5161591
216.0000000	40.4380760	39.5161591
217.0000000	40.4380760	39.5161591
218.0000000	40.4380760	39.5161591
219.0000000	40.4380760	39.5161591
220.0000000	40.4380760	39.5161591
222.0000000	40.4380760	39.5161629
223.0000000	40.4380760	39.5161629
224.0000000	40.4380760	39.5161629
225.0000000	40.4380760	39.5161629
226.0000000	40.4380798	39.5161629
227.0000000	40.4380798	39.5161629
228.0000000	40.4380798	39.5161629
229.0000000	40.4380798	39.5161629
230.0000000	40.4380798	39.5161629
231.0000000	40.4380798	39.5161629
232.0000000	40.4380798	39.5161629
233.0000000	40.4380798	39.5161629
234.0000000	40.4380798	39.5161629
235.0000000	40.4380798	39.5161629
236.0000000	40.4380798	39.5161667
237.0000000	40.4380798	39.5161667
238.0000000	40.4380798	39.5161667
239.0000000	40.4380798	39.5161667
240.0000000	40.4380798	39.5161667
241.0000000	40.4380798	39.5161667
242.0000000	40.4380798	39.5161667
243.0000000	40.4380798	39.5161667
244.0000000	40.4380798	39.5161667
245.0000000	40.4380798	39.5161667
246.0000000	40.4380798	39.5161667
247.0000000	40.4380798	39.5161667
248.0000000	40.4380798	39.5161667
249.0000000	40.4380798	39.5161667
250.0000000	40.4380875	39.5162048
251.0000000	40.4380875	39.5162048
252.0000000	40.4380875	39.5162048
253.0000000	40.4380875	39.5162048
254.0000000	40.4380875	39.5162048
255.0000000	40.4380875	39.5162048
256.0000000	40.4380875	39.5162048
257.0000000	40.4380875	39.5162048
258.0000000	40.4380875	39.5162048
259.0000000	40.4380875	39.5162048
260.0000000	40.4380875	39.5162048
261.0000000	40.4380875	39.5162048
262.0000000	40.4380875	39.5162086
263.0000000	40.4380875	39.5162086
264.0000000	40.4380875	39.5162086
265.0000000	40.4380875	39.5162086
266.0000000	40.4380875	39.5162086
267.0000000	40.4380875	39.5162086
268.0000000	40.4380875	39.5162086
269.0000000	40.4380875	39.5162086
270.0000000	40.4380875	39.5162086
271.0000000	40.4380875	39.5162086
272.0000000	40.4380875	39.5162086
273.0000000	40.4380875	39.5162086
274.0000000	40.4380875	39.5162086
275.0000000	40.4380875	39.5162086
276.0000000	40.4380875	39.5162086
277.0000000	40.4380875	39.5162086
278.0000000	40.4380875	39.5162086
279.0000000	40.4380875	39.5162086
280.0000000	40.4380875	39.5162086
281.0000000	40.4380875	39.5162086
282.0000000	40.4380875	39.5162086
283.0000000	40.4380875	39.5162086
284.0000000	40.4380875	39.5162086
